Total sequences: 1047
X shape: (1047,)
y shape: (1047,)

Vehicle 0:
  Sequence shape: (33, 2)
  First 10 positions: [[362.26  21.68]
 [363.73  21.68]
 [365.27  21.68]
 [366.83  21.68]
 [368.42  21.68]
 [370.04  21.68]
 [371.68  21.69]
 [373.32  21.69]
 [374.96  21.69]
 [376.6   21.69]]
  Label: 0

Vehicle 1:
  Sequence shape: (130, 2)
  First 10 positions: [[162.75   9.39]
 [161.58   9.39]
 [160.36   9.39]
 [159.13   9.39]
 [157.86   9.39]
 [156.59   9.39]
 [155.31   9.39]
 [154.03   9.39]
 [152.74   9.39]
 [151.45   9.39]]
  Label: 0

Vehicle 2:
  Sequence shape: (157, 2)
  First 10 positions: [[182.08  21.64]
 [183.39  21.64]
 [184.75  21.64]
 [186.13  21.64]
 [187.53  21.64]
 [188.95  21.64]
 [190.37  21.64]
 [191.79  21.64]
 [193.21  21.64]
 [194.64  21.64]]
  Label: 0

Vehicle 3:
  Sequence shape: (161, 2)
  First 10 positions: [[267.34  13.12]
 [265.76  13.13]
 [264.14  13.13]
 [262.48  13.13]
 [260.8   13.14]
 [259.1   13.14]
 [257.4   13.15]
 [255.69  13.15]
 [253.98  13.15]
 [252.27  13.16]]
  Label: 0

Vehicle 4:
  Sequence shape: (182, 2)
  First 10 positions: [[309.4   13.81]
 [307.84  13.81]
 [306.24  13.81]
 [304.59  13.81]
 [302.91  13.81]
 [301.24  13.8 ]
 [299.55  13.8 ]
 [297.86  13.8 ]
 [296.16  13.8 ]
 [294.46  13.8 ]]
  Label: 0